$ANSIBLE_VAULT;1.1;AES256
63333833386263363132656363653438613462366463613532333433313062623961393134363732
3931346337356166616365656230303539373764383432350a366137623837623233373662323339
37376337313038646338336530643662666466616235343831633037646532613431363235313465
6537343964653764630a656265613638303832653039666331393938306661313334663230626463
35306266656438323766633437373232393166333936303430633266643137363662393430666532
64646462386636636334636338323362353762363463373365376565303465383236653764653133
63353062383361643135346264303061333935356133366333613965393339316563343566613635
34383031343237653435626337343434313333643133353333383862623233373665373139313238
62383232353039656639323264663537636564623065376631343266656464313663373362333431
33336137346564333963356133666533343235663834373561633963323439313137333238656134
35656363326165353130323233393661326563613531646364326639393837386435373762346233
39303639336431346430633438303763623530383430613637313135623636383135656336353330
38303339373530316634353239353766323131636636663665303038613864366262326338613337
34333638393833363866303062613633333430313030396533326665333334623030313939613437
36386533303831623762343333343737333639306363353831363636656566303564653632303738
63333666616537646334396535663263643564663031656237393061633132373837356135663736
33666237356239653666666639626565306632326630383962643937633161306263633231616239
32666461633537393363396335363431353631393864616232653161643630373763376130646532
38653638386562663032653437623834333764396332363038633165386135346161303434326663
31326639356233363830643861303239363435396665333461353065313365616434376537353334
64326433613162303562643363386639376531393333646635623530616337613265393430326338
61343765643130636437613132643137353265383932323630333634313930336363393131636532
316433306631366363316232623631383237
